""	"GATA2_lev"	"PGR_lev"	"SOX17_lev"	"GATA2_act_FC12_P01"	"GATA2_act_FC13_P01"	"GATA2_act_FC15_P01"	"GATA2_act_FC15_P005"	"GATA2_act_FC15_P001"	"PRG_act_FC12_P05"	"PRG_act_FC13_P05"	"PRG_act_FC12_P01"	"PRG_act_FC13_P01"	"P4_act_FC12_P01"	"P4_act_FC13_P01"	"P4_act_FC15_P01"	"P4_act_FC15_P005"	"P4_act_FC15_P001"
"GSM1402321"	-0.011	-0.451	-0.137	-3.497	-3.153	-2.22	-2.951	-2.543	-0.058	0.051	0.165	0.002	-0.54	-0.088	-0.776	-0.869	-0.443
"GSM1402322"	0.203	0.486	0.568	2.393	2.228	2.562	2.056	0.733	2.353	1.909	1.429	1.209	1.603	1.459	1.257	1.439	0.251
"GSM1402323"	0.166	0.403	0.438	5.845	5.65	5.844	4.434	2.203	2.857	2.026	1.007	0.55	6.645	5.986	5.156	4.584	2.753
"GSM1402324"	0.724	0.453	0.298	3.283	3.205	4.065	3.268	1.932	2.93	2.017	1.506	0.985	6.08	5.504	4.757	4.479	4.038
"GSM1402325"	0.157	0.277	0.87	5.06	4.896	5.324	3.643	1.446	3.832	3.473	2.51	2.051	5.903	5.413	4.288	4.141	1.979
"GSM1402326"	-0.306	0.054	-1.238	2.895	2.036	0.559	1.778	1.555	-3.016	-2.754	-2.467	-1.982	1.884	1.605	1.21	1.268	1.571
"GSM1402327"	0.068	0.122	-0.253	6.189	5.19	3.794	4.679	3.508	1.094	1.154	-0.131	0.373	5.011	4.174	4.683	4.525	3.298
"GSM1402328"	-0.121	-0.301	-0.304	-14.081	-12.956	-10.108	-9.483	-5.51	-1.136	-0.87	-0.33	-0.169	-14.258	-13.108	-10.905	-9.488	-5.82
"GSM1402329"	-0.158	-0.068	-0.406	-2.147	-2.862	-3.197	-2.039	-0.358	-2.953	-2.461	-2.214	-1.379	-6.957	-6.414	-5.076	-4.499	-2.965
"GSM1402330"	-0.374	-0.619	-1.151	-0.373	-0.342	-1.317	-1.286	-1.413	-1.755	-1.588	-0.737	-0.641	-0.087	0.217	-0.16	-0.278	-1
"GSM1402331"	-0.337	-0.073	-1.263	-3.867	-3.807	-3.976	-3.506	-2.522	-2.961	-2.689	-1.711	-1.718	-4.345	-3.738	-3.818	-3.275	-2.174
"GSM1402332"	-0.275	-0.53	-0.914	-1.272	-1.218	-2.393	-2.124	-2.522	-1.515	-1.675	-0.729	-0.671	-1.404	-0.946	-1.235	-1.791	-1.564
"GSM1402333"	-0.225	-0.342	-0.852	-0.566	-0.645	-1.219	-0.934	-1.235	-2.552	-2.367	-1.359	-1.265	-1.806	-1.497	-1.716	-1.311	-0.906
"GSM1402334"	0.202	0.769	0.722	6.838	7.045	6.572	5.942	2.85	3.004	2.234	1.894	1.301	7.511	6.682	5.49	5.257	3.559
"GSM1402335"	-0.455	-0.375	-1.391	-1.609	-1.47	-2.116	-1.648	-2.316	-3.056	-2.749	-2.334	-2.102	-1.53	-1.228	-1.396	-1.53	-1.566
"GSM1402336"	-0.032	-0.022	0.088	2.551	3.132	3.384	2.463	0.672	1.747	1.608	0.559	0.47	6.542	6.456	5.751	5.215	2.315
"GSM1402337"	0.771	0.856	0.471	6.612	6.319	4.779	4.591	2.731	-1.972	-1.249	-1.935	-1.202	4.016	3.47	3.764	3.79	2.261
"GSM1402338"	0.382	-0.134	0.384	-4.634	-4.739	-4.509	-2.795	-0.748	-2.439	-2.387	-0.787	-0.731	-4.062	-3.793	-3.409	-3.155	-2.107
"GSM1402339"	-0.429	-0.426	-1.018	0.287	0.21	-0.696	-0.922	-2.024	-1.042	-0.946	-0.606	-0.503	0.106	0.488	-0.279	-0.553	-0.095
"GSM1402340"	0.17	0	0.2	0.482	0.943	1.815	1	-0.065	2.54	1.865	0.589	-0.006	2.903	2.976	2.469	2.029	0.232
"GSM1402341"	0.108	0.12	0	-4.371	-4.301	-3.083	-3.787	-3.694	0.335	0.019	-0.241	-0.102	-5.246	-5.428	-4.832	-3.918	-3.813
"GSM1402342"	0.532	0.694	0.534	7.228	6.95	6.206	5.622	3.545	3.886	3.103	2.722	2.269	8.136	7.313	5.847	5.652	4.319
"GSM1402343"	-0.349	-0.109	-1.294	-2.217	-2.096	-2.504	-2.162	-1.526	-2.868	-2.471	-1.715	-1.595	-2.261	-1.874	-2.194	-2.038	-1.269
"GSM1402344"	0.175	-0.001	0.639	-0.087	0.134	1.061	0.328	0.28	3.42	2.514	2.332	1.849	0.45	0.434	0.65	0.36	-1.395
"GSM1402345"	0.254	0.087	0.372	2.839	2.341	2.875	1.975	1.199	0.292	0.14	-0.512	-0.564	2.041	2.004	2.269	1.621	1.308
"GSM1402346"	-0.126	-0.107	-0.65	1.334	1.14	-0.516	-0.239	-0.783	-0.619	-0.058	0.09	-0.038	0.295	-0.051	-0.599	-0.966	-1.742
"GSM1402347"	0.014	0.226	-0.028	0.249	0.434	0.578	0.032	-0.053	1.126	0.723	0.812	0.605	0.808	0.794	0.252	-0.665	-1.695
"GSM1402348"	-0.226	-0.228	-1.329	-4.157	-3.847	-3.578	-2.959	-1.865	-2.585	-2.545	-1.315	-1.42	-3.34	-2.851	-2.712	-2.771	-1.481
"GSM1402349"	0.113	-0.07	0.667	-0.868	-0.526	0.12	-0.996	-1.905	1.317	1.383	1.077	0.695	-1.49	-1.498	-1.668	-2.228	-3.066
"GSM1402350"	-0.233	-0.474	-0.796	-0.751	-1.052	-2.185	-1.842	-1.072	-2.858	-2.858	-1.668	-1.518	-1.052	-1.221	-1.105	-1.033	-0.946
"GSM1402351"	-0.128	-0.067	-0.658	-3.643	-3.959	-4.204	-2.589	-0.808	-3.195	-3.109	-1.551	-1.251	-7.203	-6.512	-4.773	-3.942	-3.008
"GSM1402352"	-0.079	-0.331	-0.722	-3.517	-3.167	-3.712	-3.493	-2.005	-2.066	-1.954	-1.63	-1.519	-3.369	-3.054	-2.523	-2.289	-1.251
"GSM1402353"	-0.052	-0.07	-0.261	-4.245	-4.065	-4.895	-4.445	-2.992	-2.221	-2.085	-1.367	-1.36	-6.909	-7.121	-6.45	-6.004	-4.668
"GSM1402354"	0.262	-0.028	0.041	-3.282	-2.949	-2.091	-1.79	-0.721	2.177	1.546	1.69	1.72	-4.552	-4.193	-3.41	-2.824	-2.205
"GSM1402355"	0.159	2.27	0.257	3.437	3.075	2.018	1.912	2.029	-3.269	-3.163	-2.96	-2.758	0.915	0.701	1.935	1.254	0.787
"GSM1402356"	-0.195	-0.315	-0.443	1.745	1.669	1.289	0.573	-0.519	0.883	1.103	0.886	1.226	2.621	2.796	1.79	1.638	0.487
"GSM1402357"	-0.218	-0.116	-0.155	-4.231	-4.269	-3.963	-2.683	-0.581	-1.61	-1.081	-1.792	-1.306	-6.471	-6.166	-4.842	-3.533	-1.993
"GSM1402358"	0.239	0.183	0.031	-2.491	-3.219	-2.264	-1.651	-0.31	-3.339	-3.303	-3.841	-4.016	-5.307	-4.991	-3.541	-2.823	-0.696
"GSM1402359"	0.685	0.494	0.414	7.401	7.047	6.143	5.549	3.295	1.54	1.379	0.668	0.663	8.326	7.771	6.399	5.933	4.107
"GSM1402360"	-0.062	-0.064	-0.974	0.144	0.04	-0.431	0.532	-0.308	-1.866	-1.33	-1.299	-1.221	2.617	2.41	2.042	1.7	0.624
"GSM1402361"	0.274	0.342	0.384	3.48	3.398	4.314	3.747	2.804	4.239	3.617	2.845	2.292	5.13	4.593	4.251	4.12	2.775
"GSM1402362"	-0.339	-0.267	-1.222	1.409	1.37	0.205	0.237	-0.367	-1.773	-1.666	-1.421	-1.333	2.804	2.422	1.732	1.115	1.053
"GSM1402363"	0.27	0.24	-0.001	-1.29	-1.273	-2.028	-0.773	-0.284	-2.121	-1.885	-0.969	-1.144	-1.36	-1.06	-0.809	-0.77	-2.02
"GSM1402364"	-0.041	-0.089	-0.595	-3.214	-3.637	-3.674	-2.69	-1.563	-2.816	-2.767	-1.652	-1.629	-2.485	-2.148	-2.136	-1.921	-1.215
"GSM1402365"	0.429	0.022	0.586	0.023	0.14	1.695	1.121	0.503	3.137	2.841	2.115	1.803	2.229	1.903	1.712	1.733	1.392
"GSM1402366"	0.091	0.929	0.198	1.046	0.986	1.498	1.493	2.392	0.082	0.436	0.126	0.217	-1.762	-1.421	-0.317	0.42	-0.796
"GSM1402367"	0.283	0.535	0.496	5.395	5.185	4.63	3.709	2.196	2.534	1.978	1.244	0.828	5.078	4.553	3.983	3.946	1.829
"GSM1402368"	0.381	0.641	0.601	3.675	3.317	3.343	3.331	2.494	1.708	1.383	1.261	1.214	1.94	1.555	2.096	2.326	1.355
"GSM1402369"	-0.159	0.047	-0.708	-1.713	-1.919	-2.656	-1.964	-0.267	-1.676	-1.693	-1.938	-1.665	-3.016	-3.019	-2.595	-2.157	-2.855
"GSM1402370"	0.462	0.284	0.567	-0.51	-0.606	0.386	0.244	0.39	1.499	1.547	1.324	1.099	-0.417	-0.621	0.184	0.348	0.369
"GSM1402371"	0	-0.163	0.702	3.408	3.564	3.616	2.171	1	3.191	2.488	2.146	1.54	4.587	4.143	2.922	2.448	1.886
"GSM1402372"	-0.275	-0.573	-0.799	-1.425	-1.344	-1.884	-1.81	-1.603	-1.387	-1.193	-0.527	-0.315	-0.53	-0.192	-0.457	-0.544	-1.123
"GSM1402373"	-0.27	-0.413	-0.885	-0.792	-0.751	-2.196	-2.163	-2.118	-1.37	-1.077	-0.554	-0.436	-2.195	-1.919	-2.182	-2.417	-1.987
"GSM1402374"	0.108	-0.086	-0.483	-4.73	-4.492	-3.26	-3.744	-2.275	-2.275	-1.395	-1.196	-1.136	-0.638	-0.26	-0.361	-0.995	-1.731
"GSM1402375"	-0.079	-0.115	0.115	-4.014	-3.564	-4.161	-4.639	-3.183	1.268	0.912	0.234	0.174	-4.931	-4.605	-4.307	-4.512	-3.983
"GSM1402376"	-0.216	-0.234	-0.559	-7.13	-7.239	-7.001	-6.367	-3.383	-3.272	-3.155	-2.605	-2.125	-10.16	-9.518	-7.507	-7.196	-5.423
"GSM1402377"	0.02	-0.163	0.421	-2.531	-2.1	-1.043	-2.139	-0.238	1.787	2.033	1.523	1.396	-1.301	-0.959	-1.312	-0.982	-0.966
"GSM1402378"	-0.02	2.423	0.59	1.131	1.062	0.493	0.273	0.778	-4.388	-3.863	-3.426	-3.166	-1.809	-1.719	-0.087	-0.531	-0.543
"GSM1402379"	0.285	0.466	0.593	5.631	5.169	5.677	5.061	3.188	3.856	3.018	2.224	1.799	5.565	4.859	4.552	4.445	3.512
"GSM1402380"	0.207	0.086	0.087	1.607	1.186	1.043	1.891	1.871	2.186	1.622	0.651	0.664	-0.963	-1.223	-0.362	0.399	-0.087
"GSM1402381"	-0.203	-0.18	-0.57	-2.887	-3.238	-3.586	-2.415	-1.003	-1.393	-0.739	-0.074	0.31	-2.507	-2.245	-2.013	-1.615	-0.048
"GSM1402382"	0.36	0.56	0.414	6.331	5.912	5.455	4.743	2.841	3.245	2.587	1.544	1.233	5.573	4.982	4.292	4.085	3.039
"GSM1402383"	-0.371	0.024	-1.084	-2.779	-2.96	-2.417	-1.285	0.277	-2.631	-2.048	-1.626	-1.582	-1.445	-0.515	-0.434	-0.556	0.927
"GSM1402384"	0.05	0.306	0.651	4.121	3.748	4.152	3.153	1.915	2.508	2.197	1.781	1.494	4.021	3.43	2.639	2.257	1.758
"GSM1402385"	-0.189	-0.386	-1.183	1.07	1.077	0.19	0.23	-1.393	-0.555	-0.317	-0.259	-0.297	2.904	2.994	1.79	1.549	0.577
"GSM1402386"	-0.176	1.621	0.309	3.53	3.346	2.11	2.014	1.726	-3.267	-2.496	-2.81	-2.142	0.431	0.283	1.325	1.115	1.285
"GSM1402387"	-0.152	-0.272	-0.676	1.658	1.61	0.194	0.098	-0.695	0.067	0.361	-0.68	-0.246	0.936	0.766	0.566	0.108	-0.467
"GSM1402388"	-0.016	-0.284	-0.333	-5.741	-5.853	-6.376	-5.874	-3.845	-2.641	-1.662	-0.537	0.099	-8.921	-8.987	-7.002	-6.425	-6.709
"GSM1402389"	-0.136	-0.349	-0.271	-0.862	-1.157	-1.77	-2.202	-1.942	-3.155	-3.311	-1.9	-2.007	-0.192	-0.089	-0.074	0.073	0.178
"GSM1402390"	0.522	0.378	0.803	4.39	4.513	4.551	3.115	1.338	2.446	1.861	1.479	1.025	5.054	4.546	3.544	3.188	1.604
"GSM1402391"	-0.201	-0.246	-0.202	-0.066	-0.126	-0.169	-0.395	-0.128	1.089	0.62	-0.635	-0.661	-0.783	-0.815	-0.767	-0.748	-0.575
"GSM1402392"	0.666	0.748	0.673	6.955	6.656	5.396	4.906	2.596	1.064	1.161	1.142	0.994	5.131	4.38	3.77	3.436	2.149
"GSM1402393"	-0.042	0.571	0.478	3.828	3.253	3.666	3.308	2.817	1.248	1.182	1.489	1.266	1.588	1.962	1.476	1.861	1.626
"GSM1402394"	0.327	0.169	0.268	-0.76	-1.099	-0.179	1.184	2.504	0.355	0.244	0.758	0.763	-0.592	-0.224	0.332	1.084	1.22
"GSM1402395"	-0.095	-0.047	-0.193	-6.489	-6.931	-5.969	-5.88	-2.595	-3.929	-3	-2.651	-1.937	-6.251	-6.703	-5.843	-4.927	-2.485
"GSM1402396"	-0.084	-0.345	-0.511	-4.622	-4.52	-4.618	-3.737	-3.04	-0.871	-0.89	-0.318	-0.165	-4.054	-3.876	-3.256	-3.227	-2.441
"GSM1402397"	-0.006	-0.15	-0.148	-8.955	-9.013	-6.703	-5.997	-2.604	-1.598	-1.315	-2.502	-2.337	-5.559	-4.832	-3.844	-3.921	-1.597
"GSM1402398"	-0.018	0.172	0.331	-3.805	-4.014	-3.114	-2.398	-0.339	-0.228	0.159	0.764	1.155	-7.194	-6.612	-5.006	-4.285	-2.164
"GSM1402399"	-0.128	-0.077	-0.881	0.109	-0.468	-1.662	0	0.509	-3.284	-2.577	-2.718	-2.277	-0.883	-0.388	0.061	0.034	-1.185
"GSM1402400"	0.057	-0.362	0.177	-4.971	-5.185	-3.792	-3.474	-1.61	0.036	0.059	-0.59	-0.489	-2.171	-1.943	-1.728	-1.103	0.907
"GSM1402401"	0.297	0.477	0.421	2.69	2.433	2.873	2.469	1.743	0.084	0.502	0.025	0.156	4.516	3.951	3.6	3.551	3.033
"GSM1402402"	-0.479	-0.026	-1.641	0.32	0.156	-0.999	-0.855	-0.912	-2.085	-1.402	-1.53	-1.394	0.288	0.175	-0.362	-0.346	-0.355
"GSM1402403"	-0.439	0.598	-2.297	-2.979	-3.134	-2.369	-1.17	0.25	-3.323	-2.381	-2.34	-1.92	-0.765	0.091	-0.293	0.084	0.868
"GSM1402404"	0.309	0.046	0.444	0.655	0.885	2.439	2.155	2.389	3.611	2.727	1.835	1.533	5.064	4.637	4.441	3.819	3.131
"GSM1402405"	0.151	0.129	0.382	3.801	3.731	3.888	3.162	2.069	3.11	2.704	2.357	2.036	5.699	4.671	3.644	3.565	2.99
"GSM1402406"	-0.222	-0.3	-0.572	-6.749	-6.803	-6.182	-5.433	-2.72	-4.06	-3.603	-2.196	-2.145	-6.782	-5.692	-4.905	-4.522	-2.752
"GSM1402407"	-0.213	-0.301	-0.411	-9.986	-9.245	-7.972	-7.607	-5.583	-1.842	-1.019	-0.135	0.174	-11.122	-9.841	-8.984	-8.434	-6.364
"GSM1402408"	-0.178	-0.451	-0.847	-0.773	-0.786	-2.121	-2.036	-1.95	-0.81	-0.596	-0.032	-0.091	0.858	0.841	0.096	-0.4	-1.266
"GSM1402409"	0.352	0.223	0.536	4.222	3.536	3.682	3.369	1.938	3.862	3.426	2.482	2.279	2.067	2.1	2.046	2.325	0.871
"GSM1402410"	0.528	0.295	-0.014	-5.431	-5.589	-4.238	-3.342	-1.561	0.916	0.975	1.096	0.835	-6.545	-5.855	-5.375	-4.212	-3.557
"GSM1402411"	0.182	0.339	0.659	-1.004	-1.181	0.446	0.294	0.286	1.305	1.44	0.787	0.48	1.217	1.195	1.25	1.584	1.546
"GSM1402412"	0.102	0.229	0.181	5.286	5.452	5.292	4.031	2.375	2.939	2.228	1.932	1.672	4.091	3.949	3.813	3.621	1.118
"GSM1402413"	0.266	-0.029	0.286	-4.919	-4.947	-3.501	-3.495	-2.077	-0.67	-0.558	-1.43	-1.179	-7.292	-6.943	-5.216	-4.423	-2.518
"GSM1402414"	0.155	0.122	0.107	-2.617	-2.237	-0.64	-1.487	0.285	0.011	0.135	-0.084	-0.194	-0.964	-0.785	-0.52	-0.775	-0.934
"GSM1402415"	0.228	0.081	0.177	0.958	1.456	2.286	1.405	-0.004	3.068	2.436	1.871	1.437	2.653	2.72	2.723	2.105	0.102
"GSM1402416"	0.057	-0.024	-0.192	-8.376	-8.489	-7.285	-5.541	-3.585	-2.151	-2.056	-0.944	-0.959	-9.034	-8.427	-6.451	-6.589	-4.191
"GSM1402417"	-0.049	0.093	0.588	1.47	1.742	1.97	0.377	-0.676	2.89	1.934	1.749	1.355	1.063	1.114	1.366	0.912	-0.351
"GSM1402418"	-0.223	-0.371	-1.241	0.213	-0.433	-1.282	-0.477	-0.201	-1.761	-1.884	-1.519	-1.299	0	-0.23	-0.539	-0.406	0.512
"GSM1402419"	-0.038	0.137	0.123	-2.601	-2.252	-2.679	-3.248	-2.884	0.93	1.054	1.438	1.349	-5.726	-5.919	-5.732	-5.06	-4.456
"GSM1402420"	0.209	2.326	0.424	3.625	3.428	2.234	1.713	1.246	-2.927	-2.916	-2.347	-2.281	2.018	1.566	2.364	1.139	0.608
"GSM1402421"	-0.291	-0.134	-0.919	-4.914	-5.128	-4.845	-3.763	-2.107	-3.43	-2.963	-2.032	-1.679	-4.003	-3.84	-3.486	-3.069	-1.463
"GSM1402422"	0.136	1.479	0.14	2.812	2.91	2.319	2.052	1.207	-2.721	-2.142	-2.679	-2.355	4.417	3.753	3.892	2.964	2.375
"GSM1402423"	0.595	0.463	0.491	3.158	2.89	4.095	3.558	2.12	2.348	2.329	1.412	1.264	5.698	5.357	4.631	4.503	3.996
"GSM1402424"	-0.306	0.081	-1.532	1.138	0.743	-0.012	0.866	0.482	-1.711	-1.45	-0.834	-0.697	2.947	2.825	1.78	1.787	1.928
"GSM1402425"	0.16	0.455	-0.458	-0.549	-0.708	-1.894	-0.522	0.146	-1.682	-1.81	-1.234	-1.309	-1.152	-1.653	-0.934	-1.051	-1.899
"GSM1402426"	0.066	-0.407	0.1	-8.069	-7.589	-5.988	-5.591	-3.465	-0.721	-0.37	0.621	0.768	-8.443	-7.931	-6.279	-5.856	-4.549
"GSM1402427"	0.371	0.391	0.857	5.271	4.705	5.066	4.531	3.608	2.479	2.049	2.054	1.751	4.04	3.61	3.339	3.444	2.916
"GSM1402428"	-0.398	0.109	-1.121	0.531	0.231	-0.878	-0.007	-0.174	-2.712	-2.244	-2.168	-1.779	0.658	0.678	0.376	0.214	0.443
"GSM1402429"	0.131	-0.249	0.345	1.481	0.837	0.989	0.81	0.851	1.907	1.66	1.703	1.508	0.718	0.292	0.515	0.4	0.007
"GSM1402430"	0.026	-0.296	-0.605	-2.375	-2.738	-3.222	-3.116	-2.649	-1.058	-1.25	0.14	-0.033	-3.298	-2.924	-2.894	-2.756	-3.145
"GSM1402431"	-0.031	-0.217	0.518	-1.709	-1.597	-0.382	-0.733	-0.4	1.476	1.423	0.667	0.566	-2.164	-2.018	-1.617	-1.266	-1.405
"GSM1402432"	0.136	0.964	0.719	6.765	6.314	5.939	5.33	3.611	0.725	0.783	0.173	0.121	5.638	4.886	4.493	4.584	3.706
"GSM1402433"	-0.089	0.014	-0.195	-1.941	-2.005	-2.762	-1.718	-0.574	-1.643	-1.597	-0.792	-0.427	-3.997	-3.156	-3.357	-3.031	-2.738
"GSM1402434"	0.078	-0.336	-0.427	-10.1	-9.714	-7.781	-6.759	-3.197	-2.284	-1.594	-0.637	-0.736	-6.434	-5.264	-3.989	-3.402	-2.655
"GSM1402435"	-0.449	0.102	-2	1.178	0.777	-0.128	0.723	0.461	-2.609	-1.725	-2.262	-1.841	3.448	2.559	1.829	1.645	2.004
