	GATA2_lev	PGR_lev	SOX17_lev	GATA2_act_FC12_P01	GATA2_act_FC13_P01	GATA2_act_FC15_P01	GATA2_act_FC15_P005	GATA2_act_FC15_P001	PRG_act_FC12_P05	PRG_act_FC13_P05	PRG_act_FC12_P01	PRG_act_FC13_P01	P4_act_FC12_P01	P4_act_FC13_P01	P4_act_FC15_P01	P4_act_FC15_P005	P4_act_FC15_P001	Case-I	Case-II	Case-III
GSM1402321	-0.011	-0.451	-0.137	-3.497	-3.153	-2.22	-2.951	-2.543	-0.058	0.051	0.165	0.002	-0.54	-0.088	-0.776	-0.869	-0.443	-2.5673105	-1.658453609	-1.685608062
GSM1402322	0.203	0.486	0.568	2.393	2.228	2.562	2.056	0.733	2.353	1.909	1.429	1.209	1.603	1.459	1.257	1.439	0.251	1.676627217	1.269514347	2.031929092
GSM1402323	0.166	0.403	0.438	5.845	5.65	5.844	4.434	2.203	2.857	2.026	1.007	0.55	6.645	5.986	5.156	4.584	2.753	3.191198847	1.948590298	4.263000447
GSM1402324	0.724	0.453	0.298	3.283	3.205	4.065	3.268	1.932	2.93	2.017	1.506	0.985	6.08	5.504	4.757	4.479	4.038	3.159305631	1.922404398	3.84824371
GSM1402325	0.157	0.277	0.87	5.06	4.896	5.324	3.643	1.446	3.832	3.473	2.51	2.051	5.903	5.413	4.288	4.141	1.979	2.571715336	1.355220187	4.152395029
GSM1402326	-0.306	0.054	-1.238	2.895	2.036	0.559	1.778	1.555	-3.016	-2.754	-2.467	-1.982	1.884	1.605	1.21	1.268	1.571	0.852528378	2.34079498	-0.145392667
GSM1402327	0.068	0.122	-0.253	6.189	5.19	3.794	4.679	3.508	1.094	1.154	-0.131	0.373	5.011	4.174	4.683	4.525	3.298	1.722857447	5.74788287	2.167032666
GSM1402328	-0.121	-0.301	-0.304	-14.081	-12.956	-10.108	-9.483	-5.51	-1.136	-0.87	-0.33	-0.169	-14.258	-13.108	-10.905	-9.488	-5.82	-8.532726009	-7.003979987	-8.7211566
GSM1402329	-0.158	-0.068	-0.406	-2.147	-2.862	-3.197	-2.039	-0.358	-2.953	-2.461	-2.214	-1.379	-6.957	-6.414	-5.076	-4.499	-2.965	-2.937460706	1.213191146	-3.598004891
GSM1402330	-0.374	-0.619	-1.151	-0.373	-0.342	-1.317	-1.286	-1.413	-1.755	-1.588	-0.737	-0.641	-0.087	0.217	-0.16	-0.278	-1	-0.735609204	-0.996067472	-1.301995834
GSM1402331	-0.337	-0.073	-1.263	-3.867	-3.807	-3.976	-3.506	-2.522	-2.961	-2.689	-1.711	-1.718	-4.345	-3.738	-3.818	-3.275	-2.174	-2.292149134	-1.486822968	-3.091938344
GSM1402332	-0.275	-0.53	-0.914	-1.272	-1.218	-2.393	-2.124	-2.522	-1.515	-1.675	-0.729	-0.671	-1.404	-0.946	-1.235	-1.791	-1.564	-1.21165086	-2.488069586	-1.393665332
GSM1402333	-0.225	-0.342	-0.852	-0.566	-0.645	-1.219	-0.934	-1.235	-2.552	-2.367	-1.359	-1.265	-1.806	-1.497	-1.716	-1.311	-0.906	-1.230567561	0.475894836	-1.907731271
GSM1402334	0.202	0.769	0.722	6.838	7.045	6.572	5.942	2.85	3.004	2.234	1.894	1.301	7.511	6.682	5.49	5.257	3.559	4.362958737	2.544754793	5.778580269
GSM1402335	-0.455	-0.375	-1.391	-1.609	-1.47	-2.116	-1.648	-2.316	-3.056	-2.749	-2.334	-2.102	-1.53	-1.228	-1.396	-1.53	-1.566	-1.388936505	-2.060689743	-1.897824455
GSM1402336	-0.032	-0.022	0.088	2.551	3.132	3.384	2.463	0.672	1.747	1.608	0.559	0.47	6.542	6.456	5.751	5.215	2.315	1.080686371	-0.675213166	2.387801862
GSM1402337	0.771	0.856	0.471	6.612	6.319	4.779	4.591	2.731	-1.972	-1.249	-1.935	-1.202	4.016	3.47	3.764	3.79	2.261	4.992518427	3.279661705	5.170920029
GSM1402338	0.382	-0.134	0.384	-4.634	-4.739	-4.509	-2.795	-0.748	-2.439	-2.387	-0.787	-0.731	-4.062	-3.793	-3.409	-3.155	-2.107	-2.799565411	-0.120645783	-3.352497664
GSM1402339	-0.429	-0.426	-1.018	0.287	0.21	-0.696	-0.922	-2.024	-1.042	-0.946	-0.606	-0.503	0.106	0.488	-0.279	-0.553	-0.095	-0.706415058	-0.320349273	-0.806922793
GSM1402340	0.17	0	0.2	0.482	0.943	1.815	1	-0.065	2.54	1.865	0.589	-0.006	2.903	2.976	2.469	2.029	0.232	0.300446457	-1.102898379	1.832235902
GSM1402341	0.108	0.12	0	-4.371	-4.301	-3.083	-3.787	-3.694	0.335	0.019	-0.241	-0.102	-5.246	-5.428	-4.832	-3.918	-3.813	-2.33768701	-2.666579993	-2.622499241
GSM1402342	0.532	0.694	0.534	7.228	6.95	6.206	5.622	3.545	3.886	3.103	2.722	2.269	8.136	7.313	5.847	5.652	4.319	4.787478453	2.466846464	5.929318841
GSM1402343	-0.349	-0.109	-1.294	-2.217	-2.096	-2.504	-2.162	-1.526	-2.868	-2.471	-1.715	-1.595	-2.261	-1.874	-2.194	-2.038	-1.269	-0.938456205	-1.00611232	-1.881737934
GSM1402344	0.175	-0.001	0.639	-0.087	0.134	1.061	0.328	0.28	3.42	2.514	2.332	1.849	0.45	0.434	0.65	0.36	-1.395	0.078931139	-0.79708565	1.234777518
GSM1402345	0.254	0.087	0.372	2.839	2.341	2.875	1.975	1.199	0.292	0.14	-0.512	-0.564	2.041	2.004	2.269	1.621	1.308	1.062087929	1.810405315	1.846093015
GSM1402346	-0.126	-0.107	-0.65	1.334	1.14	-0.516	-0.239	-0.783	-0.619	-0.058	0.09	-0.038	0.295	-0.051	-0.599	-0.966	-1.742	-0.69709748	-0.300242852	-0.124539004
GSM1402347	0.014	0.226	-0.028	0.249	0.434	0.578	0.032	-0.053	1.126	0.723	0.812	0.605	0.808	0.794	0.252	-0.665	-1.695	-0.330337347	0.602400034	0.988332431
GSM1402348	-0.226	-0.228	-1.329	-4.157	-3.847	-3.578	-2.959	-1.865	-2.585	-2.545	-1.315	-1.42	-3.34	-2.851	-2.712	-2.771	-1.481	-2.098878321	-2.012101044	-2.701074126
GSM1402349	0.113	-0.07	0.667	-0.868	-0.526	0.12	-0.996	-1.905	1.317	1.383	1.077	0.695	-1.49	-1.498	-1.668	-2.228	-3.066	-1.012264606	-0.894905561	0.260799018
GSM1402350	-0.233	-0.474	-0.796	-0.751	-1.052	-2.185	-1.842	-1.072	-2.858	-2.858	-1.668	-1.518	-1.052	-1.221	-1.105	-1.033	-0.946	-0.997095257	-0.7061653	-1.33788272
GSM1402351	-0.128	-0.067	-0.658	-3.643	-3.959	-4.204	-2.589	-0.808	-3.195	-3.109	-1.551	-1.251	-7.203	-6.512	-4.773	-3.942	-3.008	-2.3848359	1.715142984	-4.067737871
GSM1402352	-0.079	-0.331	-0.722	-3.517	-3.167	-3.712	-3.493	-2.005	-2.066	-1.954	-1.63	-1.519	-3.369	-3.054	-2.523	-2.289	-1.251	-2.19457545	-0.846254571	-3.041924139
GSM1402353	-0.052	-0.07	-0.261	-4.245	-4.065	-4.895	-4.445	-2.992	-2.221	-2.085	-1.367	-1.36	-6.909	-7.121	-6.45	-6.004	-4.668	-2.627223733	-1.047298613	-2.959075547
GSM1402354	0.262	-0.028	0.041	-3.282	-2.949	-2.091	-1.79	-0.721	2.177	1.546	1.69	1.72	-4.552	-4.193	-3.41	-2.824	-2.205	-1.015884862	0.591248223	-1.041254093
GSM1402355	0.159	2.27	0.257	3.437	3.075	2.018	1.912	2.029	-3.269	-3.163	-2.96	-2.758	0.915	0.701	1.935	1.254	0.787	2.601549113	1.606091847	1.583412862
GSM1402356	-0.195	-0.315	-0.443	1.745	1.669	1.289	0.573	-0.519	0.883	1.103	0.886	1.226	2.621	2.796	1.79	1.638	0.487	-0.959964678	0.320762398	0.031791345
GSM1402357	-0.218	-0.116	-0.155	-4.231	-4.269	-3.963	-2.683	-0.581	-1.61	-1.081	-1.792	-1.306	-6.471	-6.166	-4.842	-3.533	-1.993	-2.497324	0.825832665	-3.332965767
GSM1402358	0.239	0.183	0.031	-2.491	-3.219	-2.264	-1.651	-0.31	-3.339	-3.303	-3.841	-4.016	-5.307	-4.991	-3.541	-2.823	-0.696	-1.296258675	1.836900473	-2.079299838
GSM1402359	0.685	0.494	0.414	7.401	7.047	6.143	5.549	3.295	1.54	1.379	0.668	0.663	8.326	7.771	6.399	5.933	4.107	5.17451379	4.073015201	5.994126617
GSM1402360	-0.062	-0.064	-0.974	0.144	0.04	-0.431	0.532	-0.308	-1.866	-1.33	-1.299	-1.221	2.617	2.41	2.042	1.7	0.624	-0.301875925	0.415717616	-0.844530514
GSM1402361	0.274	0.342	0.384	3.48	3.398	4.314	3.747	2.804	4.239	3.617	2.845	2.292	5.13	4.593	4.251	4.12	2.775	2.248867538	2.210677877	3.424436724
GSM1402362	-0.339	-0.267	-1.222	1.409	1.37	0.205	0.237	-0.367	-1.773	-1.666	-1.421	-1.333	2.804	2.422	1.732	1.115	1.053	-0.284561369	-0.918544511	-0.253479201
GSM1402363	0.27	0.24	-0.001	-1.29	-1.273	-2.028	-0.773	-0.284	-2.121	-1.885	-0.969	-1.144	-1.36	-1.06	-0.809	-0.77	-2.02	0.175232262	0.825873822	0.107595057
GSM1402364	-0.041	-0.089	-0.595	-3.214	-3.637	-3.674	-2.69	-1.563	-2.816	-2.767	-1.652	-1.629	-2.485	-2.148	-2.136	-1.921	-1.215	-2.022886833	-0.634068063	-2.914078957
GSM1402365	0.429	0.022	0.586	0.023	0.14	1.695	1.121	0.503	3.137	2.841	2.115	1.803	2.229	1.903	1.712	1.733	1.392	0.611546769	0.698227838	1.750101736
GSM1402366	0.091	0.929	0.198	1.046	0.986	1.498	1.493	2.392	0.082	0.436	0.126	0.217	-1.762	-1.421	-0.317	0.42	-0.796	1.301303411	3.550857882	0.809085324
GSM1402367	0.283	0.535	0.496	5.395	5.185	4.63	3.709	2.196	2.534	1.978	1.244	0.828	5.078	4.553	3.983	3.946	1.829	3.207138963	2.1622078	4.062595025
GSM1402368	0.381	0.641	0.601	3.675	3.317	3.343	3.331	2.494	1.708	1.383	1.261	1.214	1.94	1.555	2.096	2.326	1.355	2.773093706	4.517580508	3.106099493
GSM1402369	-0.159	0.047	-0.708	-1.713	-1.919	-2.656	-1.964	-0.267	-1.676	-1.693	-1.938	-1.665	-3.016	-3.019	-2.595	-2.157	-2.855	-2.470454902	0.063352923	-3.248291016
GSM1402370	0.462	0.284	0.567	-0.51	-0.606	0.386	0.244	0.39	1.499	1.547	1.324	1.099	-0.417	-0.621	0.184	0.348	0.369	0.862662262	1.005209183	0.775643798
GSM1402371	0	-0.163	0.702	3.408	3.564	3.616	2.171	1	3.191	2.488	2.146	1.54	4.587	4.143	2.922	2.448	1.886	1.597862329	0.641961953	3.504463314
GSM1402372	-0.275	-0.573	-0.799	-1.425	-1.344	-1.884	-1.81	-1.603	-1.387	-1.193	-0.527	-0.315	-0.53	-0.192	-0.457	-0.544	-1.123	-1.827267092	-3.013043803	-1.783119403
GSM1402373	-0.27	-0.413	-0.885	-0.792	-0.751	-2.196	-2.163	-2.118	-1.37	-1.077	-0.554	-0.436	-2.195	-1.919	-2.182	-2.417	-1.987	-1.736690477	-1.207780129	-1.634328877
GSM1402374	0.108	-0.086	-0.483	-4.73	-4.492	-3.26	-3.744	-2.275	-2.275	-1.395	-1.196	-1.136	-0.638	-0.26	-0.361	-0.995	-1.731	-3.07057166	-2.790391346	-2.614545126
GSM1402375	-0.079	-0.115	0.115	-4.014	-3.564	-4.161	-4.639	-3.183	1.268	0.912	0.234	0.174	-4.931	-4.605	-4.307	-4.512	-3.983	-3.692465976	-1.86390953	-2.625217023
GSM1402376	-0.216	-0.234	-0.559	-7.13	-7.239	-7.001	-6.367	-3.383	-3.272	-3.155	-2.605	-2.125	-10.16	-9.518	-7.507	-7.196	-5.423	-4.900238974	-2.565969895	-5.515980931
GSM1402377	0.02	-0.163	0.421	-2.531	-2.1	-1.043	-2.139	-0.238	1.787	2.033	1.523	1.396	-1.301	-0.959	-1.312	-0.982	-0.966	-0.367659971	-1.079794043	0.426841973
GSM1402378	-0.02	2.423	0.59	1.131	1.062	0.493	0.273	0.778	-4.388	-3.863	-3.426	-3.166	-1.809	-1.719	-0.087	-0.531	-0.543	1.652494624	-0.085935316	0.5093286
GSM1402379	0.285	0.466	0.593	5.631	5.169	5.677	5.061	3.188	3.856	3.018	2.224	1.799	5.565	4.859	4.552	4.445	3.512	3.526388283	3.863386414	3.935622151
GSM1402380	0.207	0.086	0.087	1.607	1.186	1.043	1.891	1.871	2.186	1.622	0.651	0.664	-0.963	-1.223	-0.362	0.399	-0.087	0.338357376	4.291364994	1.08410574
GSM1402381	-0.203	-0.18	-0.57	-2.887	-3.238	-3.586	-2.415	-1.003	-1.393	-0.739	-0.074	0.31	-2.507	-2.245	-2.013	-1.615	-0.048	-2.0979097	0.224509785	-3.240773385
GSM1402382	0.36	0.56	0.414	6.331	5.912	5.455	4.743	2.841	3.245	2.587	1.544	1.233	5.573	4.982	4.292	4.085	3.039	3.456856409	3.403760682	4.341807896
GSM1402383	-0.371	0.024	-1.084	-2.779	-2.96	-2.417	-1.285	0.277	-2.631	-2.048	-1.626	-1.582	-1.445	-0.515	-0.434	-0.556	0.927	-1.121767902	-0.884124419	-2.699199986
GSM1402384	0.05	0.306	0.651	4.121	3.748	4.152	3.153	1.915	2.508	2.197	1.781	1.494	4.021	3.43	2.639	2.257	1.758	2.529254565	1.343905093	3.59327552
GSM1402385	-0.189	-0.386	-1.183	1.07	1.077	0.19	0.23	-1.393	-0.555	-0.317	-0.259	-0.297	2.904	2.994	1.79	1.549	0.577	0.142875826	-1.523085917	-0.020776106
GSM1402386	-0.176	1.621	0.309	3.53	3.346	2.11	2.014	1.726	-3.267	-2.496	-2.81	-2.142	0.431	0.283	1.325	1.115	1.285	3.216274945	2.584151388	2.137257744
GSM1402387	-0.152	-0.272	-0.676	1.658	1.61	0.194	0.098	-0.695	0.067	0.361	-0.68	-0.246	0.936	0.766	0.566	0.108	-0.467	-1.137930599	1.293098343	-0.630861882
GSM1402388	-0.016	-0.284	-0.333	-5.741	-5.853	-6.376	-5.874	-3.845	-2.641	-1.662	-0.537	0.099	-8.921	-8.987	-7.002	-6.425	-6.709	-3.6064384	-3.058333397	-4.317139819
GSM1402389	-0.136	-0.349	-0.271	-0.862	-1.157	-1.77	-2.202	-1.942	-3.155	-3.311	-1.9	-2.007	-0.192	-0.089	-0.074	0.073	0.178	-1.961432006	-2.273220706	-1.500702151
GSM1402390	0.522	0.378	0.803	4.39	4.513	4.551	3.115	1.338	2.446	1.861	1.479	1.025	5.054	4.546	3.544	3.188	1.604	2.920097535	0.972549874	4.209152695
GSM1402391	-0.201	-0.246	-0.202	-0.066	-0.126	-0.169	-0.395	-0.128	1.089	0.62	-0.635	-0.661	-0.783	-0.815	-0.767	-0.748	-0.575	-2.088433812	0.09127972	-1.328702616
GSM1402392	0.666	0.748	0.673	6.955	6.656	5.396	4.906	2.596	1.064	1.161	1.142	0.994	5.131	4.38	3.77	3.436	2.149	5.238569093	3.522676005	5.852192001
GSM1402393	-0.042	0.571	0.478	3.828	3.253	3.666	3.308	2.817	1.248	1.182	1.489	1.266	1.588	1.962	1.476	1.861	1.626	2.374763212	3.419374962	3.305596652
GSM1402394	0.327	0.169	0.268	-0.76	-1.099	-0.179	1.184	2.504	0.355	0.244	0.758	0.763	-0.592	-0.224	0.332	1.084	1.22	0.162619973	2.725318451	-0.767398056
GSM1402395	-0.095	-0.047	-0.193	-6.489	-6.931	-5.969	-5.88	-2.595	-3.929	-3	-2.651	-1.937	-6.251	-6.703	-5.843	-4.927	-2.485	-3.284176133	0.849400269	-5.166173637
GSM1402396	-0.084	-0.345	-0.511	-4.622	-4.52	-4.618	-3.737	-3.04	-0.871	-0.89	-0.318	-0.165	-4.054	-3.876	-3.256	-3.227	-2.441	-3.432692467	-2.541776447	-3.779769653
GSM1402397	-0.006	-0.15	-0.148	-8.955	-9.013	-6.703	-5.997	-2.604	-1.598	-1.315	-2.502	-2.337	-5.559	-4.832	-3.844	-3.921	-1.597	-4.502762373	-4.023558976	-5.507510513
GSM1402398	-0.018	0.172	0.331	-3.805	-4.014	-3.114	-2.398	-0.339	-0.228	0.159	0.764	1.155	-7.194	-6.612	-5.006	-4.285	-2.164	-1.753202328	0.417785631	-2.523648836
GSM1402399	-0.128	-0.077	-0.881	0.109	-0.468	-1.662	0	0.509	-3.284	-2.577	-2.718	-2.277	-0.883	-0.388	0.061	0.034	-1.185	-0.728825694	1.354855602	-1.281614864
GSM1402400	0.057	-0.362	0.177	-4.971	-5.185	-3.792	-3.474	-1.61	0.036	0.059	-0.59	-0.489	-2.171	-1.943	-1.728	-1.103	0.907	-3.522643946	-2.13169807	-2.601433667
GSM1402401	0.297	0.477	0.421	2.69	2.433	2.873	2.469	1.743	0.084	0.502	0.025	0.156	4.516	3.951	3.6	3.551	3.033	3.084098193	1.691348215	3.027050244
GSM1402402	-0.479	-0.026	-1.641	0.32	0.156	-0.999	-0.855	-0.912	-2.085	-1.402	-1.53	-1.394	0.288	0.175	-0.362	-0.346	-0.355	-0.722866697	-0.90733938	-1.30024406
GSM1402403	-0.439	0.598	-2.297	-2.979	-3.134	-2.369	-1.17	0.25	-3.323	-2.381	-2.34	-1.92	-0.765	0.091	-0.293	0.084	0.868	-1.180651872	-0.811865285	-2.846576963
GSM1402404	0.309	0.046	0.444	0.655	0.885	2.439	2.155	2.389	3.611	2.727	1.835	1.533	5.064	4.637	4.441	3.819	3.131	1.871624184	1.708704739	1.871736434
GSM1402405	0.151	0.129	0.382	3.801	3.731	3.888	3.162	2.069	3.11	2.704	2.357	2.036	5.699	4.671	3.644	3.565	2.99	3.318131224	1.192613345	3.952968979
GSM1402406	-0.222	-0.3	-0.572	-6.749	-6.803	-6.182	-5.433	-2.72	-4.06	-3.603	-2.196	-2.145	-6.782	-5.692	-4.905	-4.522	-2.752	-4.089251301	-2.176567102	-5.125482508
GSM1402407	-0.213	-0.301	-0.411	-9.986	-9.245	-7.972	-7.607	-5.583	-1.842	-1.019	-0.135	0.174	-11.122	-9.841	-8.984	-8.434	-6.364	-6.964169501	-3.994715353	-7.074769116
GSM1402408	-0.178	-0.451	-0.847	-0.773	-0.786	-2.121	-2.036	-1.95	-0.81	-0.596	-0.032	-0.091	0.858	0.841	0.096	-0.4	-1.266	-1.239256238	-0.928218386	-1.327073168
GSM1402409	0.352	0.223	0.536	4.222	3.536	3.682	3.369	1.938	3.862	3.426	2.482	2.279	2.067	2.1	2.046	2.325	0.871	2.177076739	3.241275507	2.803155052
GSM1402410	0.528	0.295	-0.014	-5.431	-5.589	-4.238	-3.342	-1.561	0.916	0.975	1.096	0.835	-6.545	-5.855	-5.375	-4.212	-3.557	-1.919483132	0.311276268	-3.23628226
GSM1402411	0.182	0.339	0.659	-1.004	-1.181	0.446	0.294	0.286	1.305	1.44	0.787	0.48	1.217	1.195	1.25	1.584	1.546	0.419970685	0.415600727	-0.225436556
GSM1402412	0.102	0.229	0.181	5.286	5.452	5.292	4.031	2.375	2.939	2.228	1.932	1.672	4.091	3.949	3.813	3.621	1.118	2.390579925	1.41654307	4.134611531
GSM1402413	0.266	-0.029	0.286	-4.919	-4.947	-3.501	-3.495	-2.077	-0.67	-0.558	-1.43	-1.179	-7.292	-6.943	-5.216	-4.423	-2.518	-2.915806648	-0.561928026	-3.297747177
GSM1402414	0.155	0.122	0.107	-2.617	-2.237	-0.64	-1.487	0.285	0.011	0.135	-0.084	-0.194	-0.964	-0.785	-0.52	-0.775	-0.934	-0.630206693	-0.406896981	-0.30442178
GSM1402415	0.228	0.081	0.177	0.958	1.456	2.286	1.405	-0.004	3.068	2.436	1.871	1.437	2.653	2.72	2.723	2.105	0.102	0.625188496	-1.364709588	1.874107914
GSM1402416	0.057	-0.024	-0.192	-8.376	-8.489	-7.285	-5.541	-3.585	-2.151	-2.056	-0.944	-0.959	-9.034	-8.427	-6.451	-6.589	-4.191	-5.302566916	-3.050339262	-5.497280654
GSM1402417	-0.049	0.093	0.588	1.47	1.742	1.97	0.377	-0.676	2.89	1.934	1.749	1.355	1.063	1.114	1.366	0.912	-0.351	-0.069527581	-1.11712256	1.660904315
GSM1402418	-0.223	-0.371	-1.241	0.213	-0.433	-1.282	-0.477	-0.201	-1.761	-1.884	-1.519	-1.299	0	-0.23	-0.539	-0.406	0.512	-0.407020565	1.272970815	-1.572386781
GSM1402419	-0.038	0.137	0.123	-2.601	-2.252	-2.679	-3.248	-2.884	0.93	1.054	1.438	1.349	-5.726	-5.919	-5.732	-5.06	-4.456	-2.569720798	-1.338723291	-1.962966342
GSM1402420	0.209	2.326	0.424	3.625	3.428	2.234	1.713	1.246	-2.927	-2.916	-2.347	-2.281	2.018	1.566	2.364	1.139	0.608	2.554673154	0.296132102	2.147124035
GSM1402421	-0.291	-0.134	-0.919	-4.914	-5.128	-4.845	-3.763	-2.107	-3.43	-2.963	-2.032	-1.679	-4.003	-3.84	-3.486	-3.069	-1.463	-2.304428867	-1.274782121	-4.512576581
GSM1402422	0.136	1.479	0.14	2.812	2.91	2.319	2.052	1.207	-2.721	-2.142	-2.679	-2.355	4.417	3.753	3.892	2.964	2.375	3.313559802	1.761217649	2.547974734
GSM1402423	0.595	0.463	0.491	3.158	2.89	4.095	3.558	2.12	2.348	2.329	1.412	1.264	5.698	5.357	4.631	4.503	3.996	3.043368681	1.486909199	3.340927011
GSM1402424	-0.306	0.081	-1.532	1.138	0.743	-0.012	0.866	0.482	-1.711	-1.45	-0.834	-0.697	2.947	2.825	1.78	1.787	1.928	0.243181315	0.522787881	-1.199054784
GSM1402425	0.16	0.455	-0.458	-0.549	-0.708	-1.894	-0.522	0.146	-1.682	-1.81	-1.234	-1.309	-1.152	-1.653	-0.934	-1.051	-1.899	-0.817019318	0.694712171	-1.037565196
GSM1402426	0.066	-0.407	0.1	-8.069	-7.589	-5.988	-5.591	-3.465	-0.721	-0.37	0.621	0.768	-8.443	-7.931	-6.279	-5.856	-4.549	-4.835579859	-4.800127112	-4.694761102
GSM1402427	0.371	0.391	0.857	5.271	4.705	5.066	4.531	3.608	2.479	2.049	2.054	1.751	4.04	3.61	3.339	3.444	2.916	3.769440365	4.752045909	4.295025206
GSM1402428	-0.398	0.109	-1.121	0.531	0.231	-0.878	-0.007	-0.174	-2.712	-2.244	-2.168	-1.779	0.658	0.678	0.376	0.214	0.443	0.267652443	-0.199097927	-1.269745259
GSM1402429	0.131	-0.249	0.345	1.481	0.837	0.989	0.81	0.851	1.907	1.66	1.703	1.508	0.718	0.292	0.515	0.4	0.007	0.337490382	1.643977291	0.561826361
GSM1402430	0.026	-0.296	-0.605	-2.375	-2.738	-3.222	-3.116	-2.649	-1.058	-1.25	0.14	-0.033	-3.298	-2.924	-2.894	-2.756	-3.145	-1.657642192	-1.70440591	-1.981740884
GSM1402431	-0.031	-0.217	0.518	-1.709	-1.597	-0.382	-0.733	-0.4	1.476	1.423	0.667	0.566	-2.164	-2.018	-1.617	-1.266	-1.405	-0.938207224	0.021871663	-0.636882558
GSM1402432	0.136	0.964	0.719	6.765	6.314	5.939	5.33	3.611	0.725	0.783	0.173	0.121	5.638	4.886	4.493	4.584	3.706	4.919615006	4.668909469	5.043379777
GSM1402433	-0.089	0.014	-0.195	-1.941	-2.005	-2.762	-1.718	-0.574	-1.643	-1.597	-0.792	-0.427	-3.997	-3.156	-3.357	-3.031	-2.738	-2.163757501	0.506927382	-2.381160379
GSM1402434	0.078	-0.336	-0.427	-10.1	-9.714	-7.781	-6.759	-3.197	-2.284	-1.594	-0.637	-0.736	-6.434	-5.264	-3.989	-3.402	-2.655	-4.571097317	-5.560780448	-6.098343329
GSM1402435	-0.449	0.102	-2	1.178	0.777	-0.128	0.723	0.461	-2.609	-1.725	-2.262	-1.841	3.448	2.559	1.829	1.645	2.004	0.318843525	-0.712367327	-0.678854305
